OFFICIAL_ID,FIRST_NAME,LAST_NAME,JERSEY_NUM
1628168,Jenna,Reneau,77  
1628482,Tyler,Mirkovich,41  
1629765,Julian,McFadden,52  
