OFFICIAL_ID,FIRST_NAME,LAST_NAME,JERSEY_NUM
1628952,Kevin,Fahy,42  
1629183,Pat,O'Connell,73  
1630886,Intae,Hwang,46  
